2124: [689, 690, 691, 692, 718]
2125: [703, 704, 705, 706]
2126: [698]
2139: [767, 891, 892, 893]
2140: [870, 871, 873, 874, 875, 876]
2142: [878, 879, 880]
2143: [831, 832, 833, 835]
2606: [884]
2609: [869]
2623: [885, 887, 888, 890]
3101: [120, 122, 610]
3102: [123, 124, 125, 127, 193]
3103: [30, 32]
3199: [173, 174, 175, 177]
3200: [178, 179, 180]
3201: [181, 182, 183, 184, 188]
3202: [189, 190, 191, 192]
3207: [86]
3208: [67, 68, 69, 70]
3209: [90]
3285: [39, 41, 558, 782]
3286: [46, 47, 297]
3420: [653, 664, 665, 863]
3421: [711, 740, 742, 743, 744, 751, 753, 896, 897, 900]
3429: [667, 677, 680, 682, 684, 687, 794, 811, 812, 898]
3445: [637, 638, 639, 640, 643, 673, 788]
3455: [754, 757, 759]
3456: [902]
3457: [814, 815, 816, 817, 818]
3458: [821, 822, 823, 824]
3470: [675, 676, 693, 731, 804]
3492: [699, 700, 746, 799, 800, 806, 810, 825, 826, 830]
3497: [721, 722, 725, 727, 729, 768, 776, 783]